arch,depth,mode_name,scale_factor,alpha,logit_l2,kl_div,margin_damage,top1_acc,top1_flip_rate,readout_disturbance
deit_small,8,top_0,0.0,0.0,0.0,0.0,0.0,0.949999988079071,0.0,0.0
deit_small,8,top_0,0.05,1.5462730407714844,0.24040459096431732,1.4895235835865606e-05,0.0004168987215962261,0.949999988079071,0.0,0.0
deit_small,8,top_0,0.1,3.092546081542969,0.474649578332901,5.7019620726350695e-05,0.0005834102630615234,0.949999988079071,0.0,0.0
deit_small,8,top_0,0.2,6.185092163085938,0.9262419939041138,0.00021049263887107372,0.00019865036301780492,0.949999988079071,0.0,0.0
deit_small,8,top_0,0.4,12.370184326171875,1.7733150720596313,0.0007213934441097081,-0.003181243082508445,0.949999988079071,0.0,0.0
deit_small,8,top_0,0.8,24.74036865234375,3.3298981189727783,0.00226408033631742,-0.01965200901031494,0.949999988079071,0.0,0.0
deit_small,8,top_0,1.6,49.4807373046875,6.566136837005615,0.00924682803452015,-0.09627947956323624,0.949999988079071,0.0,0.0
deit_small,8,top_0,3.2,98.961474609375,21.973264694213867,0.299610435962677,0.6346854567527771,0.949999988079071,0.0,0.0
deit_small,8,top_0,4.0,123.70184326171875,28.11997413635254,0.902778148651123,2.2043190002441406,0.9000000357627869,0.05000000074505806,0.0
deit_small,8,top_1,0.0,0.0,0.0,0.0,0.0,0.949999988079071,0.0,0.0
deit_small,8,top_1,0.05,1.5462730407714844,0.11932013183832169,2.387305812590057e-06,0.0006282568210735917,0.949999988079071,0.0,0.0
deit_small,8,top_1,0.1,3.092546081542969,0.23816542327404022,9.164354196400382e-06,0.0012111663818359375,0.949999988079071,0.0,0.0
deit_small,8,top_1,0.2,6.185092163085938,0.4745364189147949,3.636733163148165e-05,0.002245616866275668,0.949999988079071,0.0,0.0
deit_small,8,top_1,0.4,12.370184326171875,0.9427112936973572,0.000142628705361858,0.0037887096405029297,0.949999988079071,0.0,0.0
deit_small,8,top_1,0.8,24.74036865234375,1.8665649890899658,0.0005607404746115208,0.004865479655563831,0.949999988079071,0.0,0.0
deit_small,8,top_1,1.6,49.4807373046875,3.707148790359497,0.0023643693421036005,-3.6859513784293085e-05,0.949999988079071,0.0,0.0
deit_small,8,top_1,3.2,98.961474609375,7.6191911697387695,0.012417229823768139,-0.018206477165222168,0.949999988079071,0.0,0.0
deit_small,8,top_1,4.0,123.70184326171875,9.774896621704102,0.02262077108025551,-0.008318758569657803,0.9000000357627869,0.05000000074505806,0.0
deit_small,8,mid,0.0,0.0,0.0,0.0,0.0,0.949999988079071,0.0,0.0
deit_small,8,mid,0.05,1.5462730407714844,0.07819510996341705,5.040504220232833e-06,0.0009094715351238847,0.949999988079071,0.0,0.0
deit_small,8,mid,0.1,3.092546081542969,0.15621116757392883,2.0153267541900277e-05,0.0018283844692632556,0.949999988079071,0.0,0.0
deit_small,8,mid,0.2,6.185092163085938,0.3117324709892273,8.101917774183676e-05,0.0036964656319469213,0.949999988079071,0.0,0.0
deit_small,8,mid,0.4,12.370184326171875,0.620895266532898,0.00032659017597325146,0.007543325424194336,0.949999988079071,0.0,0.0
deit_small,8,mid,0.8,24.74036865234375,1.2329314947128296,0.001320762443356216,0.01563560962677002,0.949999988079071,0.0,0.0
deit_small,8,mid,1.6,49.4807373046875,2.441474676132202,0.005270623601973057,0.03289918974041939,0.949999988079071,0.0,0.0
deit_small,8,mid,3.2,98.961474609375,4.8757758140563965,0.018970191478729248,0.06770270317792892,0.9000000357627869,0.05000000074505806,0.0
deit_small,8,mid,4.0,123.70184326171875,6.15289306640625,0.02712533436715603,0.0831938311457634,0.9000000357627869,0.05000000074505806,0.0
deit_small,8,bot_nonzero,0.0,0.0,0.0,0.0,0.0,0.949999988079071,0.0,0.0
deit_small,8,bot_nonzero,0.05,1.5462730407714844,0.060367416590452194,8.650764584672288e-07,-0.0008222341421060264,0.949999988079071,0.0,0.0
deit_small,8,bot_nonzero,0.1,3.092546081542969,0.12087414413690567,3.4828206025849795e-06,-0.0016441106563434005,0.949999988079071,0.0,0.0
deit_small,8,bot_nonzero,0.2,6.185092163085938,0.24233122169971466,1.4181178812577855e-05,-0.0032912015449255705,0.949999988079071,0.0,0.0
deit_small,8,bot_nonzero,0.4,12.370184326171875,0.48720550537109375,5.729599070036784e-05,-0.006597471423447132,0.949999988079071,0.0,0.0
deit_small,8,bot_nonzero,0.8,24.74036865234375,0.9863050580024719,0.0002353064774069935,-0.013255524449050426,0.949999988079071,0.0,0.0
deit_small,8,bot_nonzero,1.6,49.4807373046875,2.035066843032837,0.0009820297127589583,-0.026851702481508255,0.949999988079071,0.0,0.0
deit_small,8,bot_nonzero,3.2,98.961474609375,4.464066982269287,0.004263394512236118,-0.06032724305987358,0.949999988079071,0.0,0.0
deit_small,8,bot_nonzero,4.0,123.70184326171875,5.934431552886963,0.007207408547401428,-0.08398046344518661,0.949999988079071,0.0,0.0
deit_small,8,exact_null,0.0,0.0,0.0,0.0,0.0,0.949999988079071,0.0,0.0
deit_small,8,exact_null,0.05,1.5462730407714844,0.019764376804232597,2.073356881737709e-07,2.7966500056209043e-05,0.949999988079071,0.0,0.0
deit_small,8,exact_null,0.1,3.092546081542969,0.03951823338866234,6.746617486896866e-07,4.200935291009955e-05,0.949999988079071,0.0,0.0
deit_small,8,exact_null,0.2,6.185092163085938,0.0790194422006607,2.6609284304868197e-06,3.2997133530443534e-05,0.949999988079071,0.0,0.0
deit_small,8,exact_null,0.4,12.370184326171875,0.15816208720207214,1.0620244211168028e-05,-0.00014290810213424265,0.949999988079071,0.0,0.0
deit_small,8,exact_null,0.8,24.74036865234375,0.31827816367149353,4.24250029027462e-05,-0.0011347770923748612,0.949999988079071,0.0,0.0
deit_small,8,exact_null,1.6,49.4807373046875,0.6553879380226135,0.00017218012362718582,-0.00574119109660387,0.949999988079071,0.0,0.0
deit_small,8,exact_null,3.2,98.961474609375,1.465817928314209,0.0007650830084457994,-0.02589249610900879,0.949999988079071,0.0,0.0
deit_small,8,exact_null,4.0,123.70184326171875,1.9745655059814453,0.0012872215593233705,-0.04156842455267906,0.949999988079071,0.0,0.0
deit_small,8,random_gaussian,0.0,0.0,0.0,0.0,0.0,0.949999988079071,0.0,0.0
deit_small,8,random_gaussian,0.05,1.5462730407714844,0.02017524652183056,2.7500936994329095e-07,-7.414817810058594e-05,0.949999988079071,0.0,0.0
deit_small,8,random_gaussian,0.1,3.092546081542969,0.04034864529967308,1.0539675940890447e-06,-0.00016016959853004664,0.949999988079071,0.0,0.0
deit_small,8,random_gaussian,0.2,6.185092163085938,0.08071350306272507,4.121994606975932e-06,-0.0003633737505879253,0.949999988079071,0.0,0.0
deit_small,8,random_gaussian,0.4,12.370184326171875,0.16164982318878174,1.661030728428159e-05,-0.0009050131193362176,0.949999988079071,0.0,0.0
deit_small,8,random_gaussian,0.8,24.74036865234375,0.3254590630531311,6.685587868560106e-05,-0.0025362016167491674,0.949999988079071,0.0,0.0
deit_small,8,random_gaussian,1.6,49.4807373046875,0.6697489619255066,0.00027255911845713854,-0.00810089148581028,0.949999988079071,0.0,0.0
deit_small,8,random_gaussian,3.2,98.961474609375,1.4967602491378784,0.0011626974446699023,-0.029562687501311302,0.949999988079071,0.0,0.0
deit_small,8,random_gaussian,4.0,123.70184326171875,2.019953966140747,0.0019211436156183481,-0.0463213212788105,0.949999988079071,0.0,0.0
deit_small,8,checkerboard,0.0,0.0,0.0,0.0,0.0,0.949999988079071,0.0,0.0
deit_small,8,checkerboard,0.05,1.5462730407714844,0.0431351438164711,6.114598249951086e-07,-0.0003953457053285092,0.949999988079071,0.0,0.0
deit_small,8,checkerboard,0.1,3.092546081542969,0.08694327622652054,2.3314962618314894e-06,-0.000719094299711287,0.949999988079071,0.0,0.0
deit_small,8,checkerboard,0.2,6.185092163085938,0.17955748736858368,9.163818504021037e-06,-0.0011623383034020662,0.949999988079071,0.0,0.0
deit_small,8,checkerboard,0.4,12.370184326171875,0.40183502435684204,4.118173455935903e-05,-0.0013832092517986894,0.949999988079071,0.0,0.0
deit_small,8,checkerboard,0.8,24.74036865234375,1.0936291217803955,0.0002805392141453922,-0.0007882118225097656,0.949999988079071,0.0,0.0
deit_small,8,checkerboard,1.6,49.4807373046875,3.9232425689697266,0.004605745431035757,0.026452112942934036,0.949999988079071,0.0,0.0
deit_small,8,checkerboard,3.2,98.961474609375,12.378117561340332,0.6850690245628357,1.9297035932540894,0.949999988079071,0.0,0.0
deit_small,8,checkerboard,4.0,123.70184326171875,14.927218437194824,1.686927080154419,3.796053409576416,0.8500000238418579,0.15000000596046448,0.0
deit_small,8,random_sign,0.0,0.0,0.0,0.0,0.0,0.949999988079071,0.0,0.0
deit_small,8,random_sign,0.05,1.5462730407714844,0.05508977174758911,8.15105181573017e-07,-0.0014317512977868319,0.949999988079071,0.0,0.0
deit_small,8,random_sign,0.1,3.092546081542969,0.11183851957321167,3.255877572883037e-06,-0.002825570059940219,0.949999988079071,0.0,0.0
deit_small,8,random_sign,0.2,6.185092163085938,0.23277798295021057,1.3852469237463083e-05,-0.005530071444809437,0.949999988079071,0.0,0.0
deit_small,8,random_sign,0.4,12.370184326171875,0.5195059180259705,6.763330020476133e-05,-0.010799527168273926,0.949999988079071,0.0,0.0
deit_small,8,random_sign,0.8,24.74036865234375,1.3611940145492554,0.0004663933941628784,-0.02190399169921875,0.949999988079071,0.0,0.0
deit_small,8,random_sign,1.6,49.4807373046875,4.41722297668457,0.00947428960353136,0.0202484130859375,0.949999988079071,0.0,0.0
deit_small,8,random_sign,3.2,98.961474609375,12.767912864685059,0.773610532283783,2.0858895778656006,0.9000000357627869,0.10000000149011612,0.0
deit_small,8,random_sign,4.0,123.70184326171875,15.118576049804688,1.730920433998108,3.8013970851898193,0.8500000238418579,0.15000000596046448,0.0
vit_base,8,top_0,0.0,0.0,0.0,0.0,0.0,0.9000000357627869,0.0,0.0
vit_base,8,top_0,0.05,5.712215805053711,0.19107545912265778,5.859847806277685e-05,0.01152894552797079,0.9000000357627869,0.0,0.0
vit_base,8,top_0,0.1,11.424431610107423,0.3836563229560852,0.00023374542070087045,0.023733997717499733,0.9000000357627869,0.0,0.0
vit_base,8,top_0,0.2,22.848863220214845,0.7730394005775452,0.0009306274587288499,0.050182271748781204,0.9000000357627869,0.0,0.0
vit_base,8,top_0,0.4,45.69772644042969,1.5678653717041016,0.003710620803758502,0.11123199760913849,0.9000000357627869,0.0,0.0
vit_base,8,top_0,0.8,91.39545288085938,3.227229356765747,0.0154337203130126,0.272514283657074,0.9000000357627869,0.0,0.0
vit_base,8,top_0,1.6,182.79090576171876,6.858743190765381,0.07607913762331009,0.8887802958488464,0.800000011920929,0.10000000149011612,0.0
vit_base,8,top_0,3.2,365.5818115234375,17.596460342407227,0.7631304860115051,4.087245464324951,0.75,0.15000000596046448,0.0
vit_base,8,top_0,4.0,456.9772644042969,22.7683048248291,1.5279912948608398,5.851828575134277,0.699999988079071,0.25,0.0
vit_base,8,top_1,0.0,0.0,0.0,0.0,0.0,0.9000000357627869,0.0,0.0
vit_base,8,top_1,0.05,5.712215805053711,0.1880119889974594,3.322353586554527e-05,0.007746362593024969,0.9000000357627869,0.0,0.0
vit_base,8,top_1,0.1,11.424431610107423,0.3765302896499634,0.0001310716470470652,0.01607651822268963,0.9000000357627869,0.0,0.0
vit_base,8,top_1,0.2,22.848863220214845,0.7553375959396362,0.0005125902825966477,0.03452339395880699,0.9000000357627869,0.0,0.0
vit_base,8,top_1,0.4,45.69772644042969,1.5227774381637573,0.001985336886718869,0.0789647325873375,0.9000000357627869,0.0,0.0
vit_base,8,top_1,0.8,91.39545288085938,3.1118719577789307,0.007634849287569523,0.2000569850206375,0.9000000357627869,0.0,0.0
vit_base,8,top_1,1.6,182.79090576171876,6.4383721351623535,0.028512606397271156,0.5653978586196899,0.8500000238418579,0.05000000074505806,0.0
vit_base,8,top_1,3.2,365.5818115234375,14.251901626586914,0.11860661953687668,1.9092552661895752,0.8500000238418579,0.05000000074505806,0.0
vit_base,8,top_1,4.0,456.9772644042969,18.719430923461914,0.26734110713005066,2.8935818672180176,0.8500000238418579,0.05000000074505806,0.0
vit_base,8,mid,0.0,0.0,0.0,0.0,0.0,0.9000000357627869,0.0,0.0
vit_base,8,mid,0.05,5.712215805053711,0.08171656727790833,6.097322511777747e-06,-0.005659723188728094,0.9000000357627869,0.0,0.0
vit_base,8,mid,0.1,11.424431610107423,0.16329698264598846,2.39854689425556e-05,-0.011171889491379261,0.9000000357627869,0.0,0.0
vit_base,8,mid,0.2,22.848863220214845,0.3260655701160431,9.479895379627123e-05,-0.021718192845582962,0.9000000357627869,0.0,0.0
vit_base,8,mid,0.4,45.69772644042969,0.6500710844993591,0.00037108492688275874,-0.040750838816165924,0.9000000357627869,0.0,0.0
vit_base,8,mid,0.8,91.39545288085938,1.291267991065979,0.0014381528599187732,-0.07085259258747101,0.949999988079071,0.05000000074505806,0.0
vit_base,8,mid,1.6,182.79090576171876,2.5409626960754395,0.00549399945884943,-0.09854409843683243,0.949999988079071,0.05000000074505806,0.0
vit_base,8,mid,3.2,365.5818115234375,4.954874038696289,0.02232535369694233,-0.031598545610904694,0.9000000357627869,0.05000000074505806,0.0
vit_base,8,mid,4.0,456.9772644042969,6.1382856369018555,0.03545849770307541,0.060794856399297714,0.9000000357627869,0.05000000074505806,0.0
vit_base,8,bot_nonzero,0.0,0.0,0.0,0.0,0.0,0.9000000357627869,0.0,0.0
vit_base,8,bot_nonzero,0.05,5.712215805053711,0.06588130444288254,4.8202464313362725e-06,-0.0006956816068850458,0.9000000357627869,0.0,0.0
vit_base,8,bot_nonzero,0.1,11.424431610107423,0.1318953037261963,1.872205211839173e-05,-0.001266312669031322,0.9000000357627869,0.0,0.0
vit_base,8,bot_nonzero,0.2,22.848863220214845,0.26441484689712524,7.271780486917123e-05,-0.0020283223129808903,0.9000000357627869,0.0,0.0
vit_base,8,bot_nonzero,0.4,45.69772644042969,0.5321159362792969,0.00027768389554694295,-0.002033400582149625,0.9000000357627869,0.0,0.0
vit_base,8,bot_nonzero,0.8,91.39545288085938,1.0826421976089478,0.0010189090389758348,0.003853106638416648,0.9000000357627869,0.0,0.0
vit_base,8,bot_nonzero,1.6,182.79090576171876,2.2453739643096924,0.0034892179537564516,0.03919961676001549,0.9000000357627869,0.0,0.0
vit_base,8,bot_nonzero,3.2,365.5818115234375,4.738971710205078,0.011694846674799919,0.2534343898296356,0.9000000357627869,0.0,0.0
vit_base,8,bot_nonzero,4.0,456.9772644042969,6.128326892852783,0.01948671229183674,0.4579658508300781,0.9000000357627869,0.0,0.0
vit_base,8,exact_null,0.0,0.0,0.0,0.0,0.0,0.9000000357627869,0.0,0.0
vit_base,8,exact_null,0.05,5.712215805053711,0.02418803982436657,5.375477485358715e-07,-0.00044329167576506734,0.9000000357627869,0.0,0.0
vit_base,8,exact_null,0.1,11.424431610107423,0.04851612448692322,1.9267317838966846e-06,-0.0009070158121176064,0.9000000357627869,0.0,0.0
vit_base,8,exact_null,0.2,22.848863220214845,0.09766660630702972,7.670163540751673e-06,-0.001889944076538086,0.9000000357627869,0.0,0.0
vit_base,8,exact_null,0.4,45.69772644042969,0.198507159948349,3.102272967225872e-05,-0.004113126080483198,0.9000000357627869,0.0,0.0
vit_base,8,exact_null,0.8,91.39545288085938,0.41394540667533875,0.00013692295760847628,-0.009687519632279873,0.9000000357627869,0.0,0.0
vit_base,8,exact_null,1.6,182.79090576171876,0.9207155108451843,0.0006990857655182481,-0.024463344365358353,0.9000000357627869,0.0,0.0
vit_base,8,exact_null,3.2,365.5818115234375,2.287919759750366,0.003655456705018878,-0.038756441324949265,0.949999988079071,0.05000000074505806,0.0
vit_base,8,exact_null,4.0,456.9772644042969,3.1319539546966553,0.005981978494673967,-0.010235262103378773,0.949999988079071,0.05000000074505806,0.0
vit_base,8,random_gaussian,0.0,0.0,0.0,0.0,0.0,0.9000000357627869,0.0,0.0
vit_base,8,random_gaussian,0.05,5.712215805053711,0.026672113686800003,8.336705263900512e-07,0.0005049944156780839,0.9000000357627869,0.0,0.0
vit_base,8,random_gaussian,0.1,11.424431610107423,0.05342016741633415,2.9813788842147915e-06,0.0009923219913616776,0.9000000357627869,0.0,0.0
vit_base,8,random_gaussian,0.2,22.848863220214845,0.10722749680280685,1.1954735782637727e-05,0.0019129991997033358,0.9000000357627869,0.0,0.0
vit_base,8,random_gaussian,0.4,45.69772644042969,0.21663151681423187,4.830854231840931e-05,0.0035534859634935856,0.9000000357627869,0.0,0.0
vit_base,8,random_gaussian,0.8,91.39545288085938,0.44694095849990845,0.0002034488134086132,0.006132054608315229,0.9000000357627869,0.0,0.0
vit_base,8,random_gaussian,1.6,182.79090576171876,0.9817668795585632,0.0009514890844002366,0.010026240721344948,0.9000000357627869,0.0,0.0
vit_base,8,random_gaussian,3.2,365.5818115234375,2.4153144359588623,0.005457265302538872,0.041068028658628464,0.949999988079071,0.05000000074505806,0.0
vit_base,8,random_gaussian,4.0,456.9772644042969,3.288921356201172,0.010521083138883114,0.09501411765813828,0.949999988079071,0.05000000074505806,0.0
vit_base,8,checkerboard,0.0,0.0,0.0,0.0,0.0,0.9000000357627869,0.0,0.0
vit_base,8,checkerboard,0.05,5.712215805053711,0.03993590176105499,1.931202177729574e-06,0.0018284082179889083,0.9000000357627869,0.0,0.0
vit_base,8,checkerboard,0.1,11.424431610107423,0.0797320157289505,7.2329421527683735e-06,0.0034023046027868986,0.9000000357627869,0.0,0.0
vit_base,8,checkerboard,0.2,22.848863220214845,0.1610247790813446,2.670597859832924e-05,0.00580563535913825,0.9000000357627869,0.0,0.0
vit_base,8,checkerboard,0.4,45.69772644042969,0.34319576621055603,0.00010080757056130096,0.008039928041398525,0.9000000357627869,0.0,0.0
vit_base,8,checkerboard,0.8,91.39545288085938,0.8390876054763794,0.0004992287722416222,0.007663846015930176,0.9000000357627869,0.0,0.0
vit_base,8,checkerboard,1.6,182.79090576171876,2.33990478515625,0.0043580979108810425,0.05405843257904053,0.949999988079071,0.05000000074505806,0.0
vit_base,8,checkerboard,3.2,365.5818115234375,8.567614555358887,0.1278129667043686,1.1042660474777222,0.949999988079071,0.05000000074505806,0.0
vit_base,8,checkerboard,4.0,456.9772644042969,13.39508056640625,0.4821118414402008,2.3145272731781006,0.9000000357627869,0.15000000596046448,0.0
vit_base,8,random_sign,0.0,0.0,0.0,0.0,0.0,0.9000000357627869,0.0,0.0
vit_base,8,random_sign,0.05,5.712215805053711,0.05338644981384277,2.2324559267872246e-06,-0.0010296106338500977,0.9000000357627869,0.0,0.0
vit_base,8,random_sign,0.1,11.424431610107423,0.10721792280673981,8.64707453729352e-06,-0.0022689581383019686,0.9000000357627869,0.0,0.0
vit_base,8,random_sign,0.2,22.848863220214845,0.2172856628894806,3.5455592296784744e-05,-0.005345034878700972,0.9000000357627869,0.0,0.0
vit_base,8,random_sign,0.4,45.69772644042969,0.4535956084728241,0.0001588919694768265,-0.013488436117768288,0.9000000357627869,0.0,0.0
vit_base,8,random_sign,0.8,91.39545288085938,1.0242254734039307,0.0008676043944433331,-0.0328638069331646,0.949999988079071,0.05000000074505806,0.0
vit_base,8,random_sign,1.6,182.79090576171876,2.545292615890503,0.005527827888727188,-0.03273027017712593,0.949999988079071,0.05000000074505806,0.0
vit_base,8,random_sign,3.2,365.5818115234375,8.179156303405762,0.09003283083438873,0.7871242165565491,0.949999988079071,0.05000000074505806,0.0
vit_base,8,random_sign,4.0,456.9772644042969,12.668863296508789,0.3611471354961395,1.8887287378311157,0.9000000357627869,0.15000000596046448,0.0
deit_tiny,8,top_0,0.0,0.0,0.0,0.0,0.0,0.9000000357627869,0.0,0.0
deit_tiny,8,top_0,0.05,0.47759833335876467,0.22822952270507812,2.066735214611981e-05,-0.0006417751428671181,0.9000000357627869,0.0,0.0
deit_tiny,8,top_0,0.1,0.9551966667175293,0.45479080080986023,8.21345965960063e-05,-0.001139736152254045,0.9000000357627869,0.0,0.0
deit_tiny,8,top_0,0.2,1.9103933334350587,0.9031156897544861,0.0003271624445915222,-0.0017443419201299548,0.9000000357627869,0.0,0.0
deit_tiny,8,top_0,0.4,3.8207866668701174,1.782053828239441,0.0013110297732055187,-0.001630544662475586,0.9000000357627869,0.0,0.0
deit_tiny,8,top_0,0.8,7.641573333740235,3.480750322341919,0.005484030116349459,0.0027312517631798983,0.9000000357627869,0.0,0.0
deit_tiny,8,top_0,1.6,15.28314666748047,6.72475528717041,0.027295682579278946,0.026645446196198463,0.9000000357627869,0.0,0.0
deit_tiny,8,top_0,3.2,30.56629333496094,12.81493854522705,0.15443553030490875,0.16083753108978271,0.9000000357627869,0.10000000149011612,0.0
deit_tiny,8,top_0,4.0,38.20786666870117,15.596877098083496,0.24310265481472015,0.278848260641098,0.8500000238418579,0.15000000596046448,0.0
deit_tiny,8,top_1,0.0,0.0,0.0,0.0,0.0,0.9000000357627869,0.0,0.0
deit_tiny,8,top_1,0.05,0.47759833335876467,0.17417387664318085,8.855387932271697e-06,-0.00040080546750687063,0.9000000357627869,0.0,0.0
deit_tiny,8,top_1,0.1,0.9551966667175293,0.34839993715286255,3.532590562826954e-05,-0.000776696193497628,0.9000000357627869,0.0,0.0
deit_tiny,8,top_1,0.2,1.9103933334350587,0.6971960067749023,0.00014146948524285108,-0.0014497519005089998,0.9000000357627869,0.0,0.0
deit_tiny,8,top_1,0.4,3.8207866668701174,1.3974199295043945,0.000567958049941808,-0.0025197744835168123,0.9000000357627869,0.0,0.0
deit_tiny,8,top_1,0.8,7.641573333740235,2.8182942867279053,0.00229650572873652,-0.003543520113453269,0.9000000357627869,0.0,0.0
deit_tiny,8,top_1,1.6,15.28314666748047,5.801486492156982,0.009575831703841686,0.004479193594306707,0.9000000357627869,0.0,0.0
deit_tiny,8,top_1,3.2,30.56629333496094,12.143026351928711,0.05634117126464844,0.1766904890537262,0.9000000357627869,0.0,0.0
deit_tiny,8,top_1,4.0,38.20786666870117,15.313178062438965,0.12046054750680923,0.37715813517570496,0.949999988079071,0.05000000074505806,0.0
deit_tiny,8,mid,0.0,0.0,0.0,0.0,0.0,0.9000000357627869,0.0,0.0
deit_tiny,8,mid,0.05,0.47759833335876467,0.12410461902618408,4.322780569054885e-06,0.0005608559004031122,0.9000000357627869,0.0,0.0
deit_tiny,8,mid,0.1,0.9551966667175293,0.2481224089860916,1.715640610200353e-05,0.0011614084942266345,0.9000000357627869,0.0,0.0
deit_tiny,8,mid,0.2,1.9103933334350587,0.4959122836589813,6.863661110401154e-05,0.0024838210083544254,0.9000000357627869,0.0,0.0
deit_tiny,8,mid,0.4,3.8207866668701174,0.9905759692192078,0.0002748116967268288,0.005619025323539972,0.9000000357627869,0.0,0.0
deit_tiny,8,mid,0.8,7.641573333740235,1.9769433736801147,0.0011066008592024446,0.013910174369812012,0.9000000357627869,0.0,0.0
deit_tiny,8,mid,1.6,15.28314666748047,3.944260835647583,0.004567286465317011,0.03923502191901207,0.9000000357627869,0.0,0.0
deit_tiny,8,mid,3.2,30.56629333496094,7.919518947601318,0.02130633220076561,0.13539333641529083,0.949999988079071,0.05000000074505806,0.0
deit_tiny,8,mid,4.0,38.20786666870117,9.965479850769043,0.0383472703397274,0.21611939370632172,0.949999988079071,0.05000000074505806,0.0
deit_tiny,8,bot_nonzero,0.0,0.0,0.0,0.0,0.0,0.9000000357627869,0.0,0.0
deit_tiny,8,bot_nonzero,0.05,0.47759833335876467,0.09654604643583298,4.462111974135041e-06,0.0009858132107183337,0.9000000357627869,0.0,0.0
deit_tiny,8,bot_nonzero,0.1,0.9551966667175293,0.19320523738861084,1.7955409930436872e-05,0.0019880773033946753,0.9000000357627869,0.0,0.0
deit_tiny,8,bot_nonzero,0.2,1.9103933334350587,0.3868839740753174,7.18942828825675e-05,0.0040458920411765575,0.9000000357627869,0.0,0.0
deit_tiny,8,bot_nonzero,0.4,3.8207866668701174,0.7757906317710876,0.00029186505707912147,0.008385277353227139,0.9000000357627869,0.0,0.0
deit_tiny,8,bot_nonzero,0.8,7.641573333740235,1.560346007347107,0.0012061147717759013,0.018096495419740677,0.9000000357627869,0.0,0.0
deit_tiny,8,bot_nonzero,1.6,15.28314666748047,3.1567704677581787,0.005232133902609348,0.0429195873439312,0.9000000357627869,0.0,0.0
deit_tiny,8,bot_nonzero,3.2,30.56629333496094,6.475350379943848,0.02656472660601139,0.12307818233966827,0.9000000357627869,0.0,0.0
deit_tiny,8,bot_nonzero,4.0,38.20786666870117,8.225663185119629,0.046944040805101395,0.1805773824453354,0.9000000357627869,0.0,0.0
deit_tiny,8,exact_null,0.0,0.0,0.0,0.0,0.0,0.9000000357627869,0.0,0.0
deit_tiny,8,exact_null,0.05,0.47759833335876467,0.036290500313043594,3.946712183733325e-07,-2.8944015866727568e-05,0.9000000357627869,0.0,0.0
deit_tiny,8,exact_null,0.1,0.9551966667175293,0.07253500074148178,1.429428834853752e-06,-7.48872771509923e-05,0.9000000357627869,0.0,0.0
deit_tiny,8,exact_null,0.2,1.9103933334350587,0.14490525424480438,5.488627266458934e-06,-0.00021767616271972656,0.9000000357627869,0.0,0.0
deit_tiny,8,exact_null,0.4,3.8207866668701174,0.2893223166465759,2.1578336600214243e-05,-0.00070700648939237,0.9000000357627869,0.0,0.0
deit_tiny,8,exact_null,0.8,7.641573333740235,0.5780655741691589,8.299756154883653e-05,-0.0024872540961951017,0.9000000357627869,0.0,0.0
deit_tiny,8,exact_null,1.6,15.28314666748047,1.1653693914413452,0.0003159409388899803,-0.009133243933320045,0.9000000357627869,0.0,0.0
deit_tiny,8,exact_null,3.2,30.56629333496094,2.4595236778259277,0.0013085162499919534,-0.032895803451538086,0.9000000357627869,0.0,0.0
deit_tiny,8,exact_null,4.0,38.20786666870117,3.2050483226776123,0.0021898129489272833,-0.048514224588871,0.9000000357627869,0.0,0.0
deit_tiny,8,random_gaussian,0.0,0.0,0.0,0.0,0.0,0.9000000357627869,0.0,0.0
deit_tiny,8,random_gaussian,0.05,0.47759833335876467,0.038151323795318604,5.859270686414675e-07,-9.841919381869957e-05,0.9000000357627869,0.0,0.0
deit_tiny,8,random_gaussian,0.1,0.9551966667175293,0.07629372924566269,2.150761474695173e-06,-0.00021281243243720382,0.9000000357627869,0.0,0.0
deit_tiny,8,random_gaussian,0.2,1.9103933334350587,0.1525775045156479,8.43520956550492e-06,-0.0004894256708212197,0.9000000357627869,0.0,0.0
deit_tiny,8,random_gaussian,0.4,3.8207866668701174,0.305286705493927,3.387918695807457e-05,-0.0012390374904498458,0.9000000357627869,0.0,0.0
deit_tiny,8,random_gaussian,0.8,7.641573333740235,0.6125214695930481,0.00013780278095509857,-0.003550672670826316,0.9000000357627869,0.0,0.0
deit_tiny,8,random_gaussian,1.6,15.28314666748047,1.2433372735977173,0.000580514024477452,-0.011557722464203835,0.9000000357627869,0.0,0.0
deit_tiny,8,random_gaussian,3.2,30.56629333496094,2.6304452419281006,0.002606755355373025,-0.04069845750927925,0.9000000357627869,0.0,0.0
deit_tiny,8,random_gaussian,4.0,38.20786666870117,3.417231798171997,0.0042645311914384365,-0.060593750327825546,0.9000000357627869,0.0,0.0
deit_tiny,8,checkerboard,0.0,0.0,0.0,0.0,0.0,0.9000000357627869,0.0,0.0
deit_tiny,8,checkerboard,0.05,0.47759833335876467,0.06861617416143417,1.7935934693014133e-06,-0.0006803989526815712,0.9000000357627869,0.0,0.0
deit_tiny,8,checkerboard,0.1,0.9551966667175293,0.13772444427013397,6.9996081037970725e-06,-0.001286411308683455,0.9000000357627869,0.0,0.0
deit_tiny,8,checkerboard,0.2,1.9103933334350587,0.2779439687728882,2.8584099709405564e-05,-0.002279257867485285,0.9000000357627869,0.0,0.0
deit_tiny,8,checkerboard,0.4,3.8207866668701174,0.5697543025016785,0.0001199544858536683,-0.0033877373207360506,0.9000000357627869,0.0,0.0
deit_tiny,8,checkerboard,0.8,7.641573333740235,1.2211172580718994,0.0005462122499011457,-0.002124452730640769,0.9000000357627869,0.0,0.0
deit_tiny,8,checkerboard,1.6,15.28314666748047,2.9196248054504395,0.003176309634000063,0.016150427982211113,0.9000000357627869,0.0,0.0
deit_tiny,8,checkerboard,3.2,30.56629333496094,8.32883358001709,0.03235000744462013,0.22175386548042297,0.8500000238418579,0.05000000074505806,0.0
deit_tiny,8,checkerboard,4.0,38.20786666870117,11.746111869812012,0.08243197202682495,0.5116085410118103,0.8500000238418579,0.05000000074505806,0.0
deit_tiny,8,random_sign,0.0,0.0,0.0,0.0,0.0,0.9000000357627869,0.0,0.0
deit_tiny,8,random_sign,0.05,0.47759833335876467,0.07892441004514694,1.95804750546813e-06,0.0004379272577352822,0.9000000357627869,0.0,0.0
deit_tiny,8,random_sign,0.1,0.9551966667175293,0.15706005692481995,7.698394256294705e-06,0.0009517192956991494,0.9000000357627869,0.0,0.0
deit_tiny,8,random_sign,0.2,1.9103933334350587,0.311418741941452,2.9492657631635666e-05,0.002203989075496793,0.9000000357627869,0.0,0.0
deit_tiny,8,random_sign,0.4,3.8207866668701174,0.6158409118652344,0.00011030054156435654,0.005606723017990589,0.9000000357627869,0.0,0.0
deit_tiny,8,random_sign,0.8,7.641573333740235,1.2351373434066772,0.00042615924030542374,0.016010547056794167,0.9000000357627869,0.0,0.0
deit_tiny,8,random_sign,1.6,15.28314666748047,2.7220232486724854,0.00242229294963181,0.052701570093631744,0.9000000357627869,0.0,0.0
deit_tiny,8,random_sign,3.2,30.56629333496094,7.699850559234619,0.03374588117003441,0.2694154679775238,0.8500000238418579,0.05000000074505806,0.0
deit_tiny,8,random_sign,4.0,38.20786666870117,11.136957168579102,0.09154102951288223,0.5336133241653442,0.8500000238418579,0.05000000074505806,0.0
dinov2,8,top_0,0.0,0.0,0.0,0.0,0.0,1.0,0.0,0.0
dinov2,8,top_0,0.05,0.09414278864860536,0.49181872606277466,8.676189281686675e-06,0.0004267692565917969,1.0,0.0,0.0
dinov2,8,top_0,0.1,0.1882855772972107,0.9810781478881836,3.414121601963416e-05,0.0012671471340581775,1.0,0.0,0.0
dinov2,8,top_0,0.2,0.3765711545944214,1.9519805908203125,0.0001340358576271683,0.004159736912697554,1.0,0.0,0.0
dinov2,8,top_0,0.4,0.7531423091888428,3.8633384704589844,0.0005180835141800344,0.014550781808793545,0.949999988079071,0.05000000074505806,0.0
dinov2,8,top_0,0.8,1.5062846183776857,7.560108184814453,0.0019398134900256991,0.05158691480755806,0.949999988079071,0.05000000074505806,0.0
dinov2,8,top_0,1.6,3.0125692367553714,14.425521850585938,0.006472669076174498,0.17630644142627716,0.949999988079071,0.05000000074505806,0.0
dinov2,8,top_0,3.2,6.025138473510743,26.418893814086914,0.02110879123210907,0.69867342710495,0.949999988079071,0.05000000074505806,0.0
dinov2,8,top_0,4.0,7.531423091888428,31.93869972229004,0.05249211937189102,1.1755213737487793,0.949999988079071,0.05000000074505806,0.0
dinov2,8,top_1,0.0,0.0,0.0,0.0,0.0,1.0,0.0,0.0
dinov2,8,top_1,0.05,0.09414278864860536,0.38369083404541016,3.828806711680954e-06,0.0012591362465173006,1.0,0.0,0.0
dinov2,8,top_1,0.1,0.1882855772972107,0.7687053084373474,1.5394040019600652e-05,0.0027955055702477694,1.0,0.0,0.0
dinov2,8,top_1,0.2,0.3765711545944214,1.5429409742355347,6.340781692415476e-05,0.006703424733132124,1.0,0.0,0.0
dinov2,8,top_1,0.4,0.7531423091888428,3.109844207763672,0.0002681401092559099,0.01777796819806099,1.0,0.0,0.0
dinov2,8,top_1,0.8,1.5062846183776857,6.329883098602295,0.001188380061648786,0.051812268793582916,1.0,0.0,0.0
dinov2,8,top_1,1.6,3.0125692367553714,13.317789077758789,0.0058066449128091335,0.1598377227783203,0.949999988079071,0.05000000074505806,0.0
dinov2,8,top_1,3.2,6.025138473510743,31.557422637939453,0.041233260184526443,0.9277607798576355,0.9000000357627869,0.10000000149011612,0.0
dinov2,8,top_1,4.0,7.531423091888428,41.89039993286133,0.14140436053276062,1.9029922485351562,0.949999988079071,0.05000000074505806,0.0
dinov2,8,mid,0.0,0.0,0.0,0.0,0.0,1.0,0.0,0.0
dinov2,8,mid,0.05,0.09414278864860536,0.1367693990468979,3.313951424388506e-07,0.0011226654751226306,1.0,0.0,0.0
dinov2,8,mid,0.1,0.1882855772972107,0.2734038233757019,1.2502977142503369e-06,0.0022827149368822575,1.0,0.0,0.0
dinov2,8,mid,0.2,0.3765711545944214,0.546270489692688,4.866661129199201e-06,0.004711627960205078,1.0,0.0,0.0
dinov2,8,mid,0.4,0.7531423091888428,1.090779185295105,1.9778881323873065e-05,0.010015678592026234,1.0,0.0,0.0
dinov2,8,mid,0.8,1.5062846183776857,2.177567720413208,8.160634752130136e-05,0.02248864248394966,1.0,0.0,0.0
dinov2,8,mid,1.6,3.0125692367553714,4.3628716468811035,0.0003514062555041164,0.05603208765387535,1.0,0.0,0.0
dinov2,8,mid,3.2,6.025138473510743,8.93289852142334,0.0017234651604667306,0.16924892365932465,1.0,0.0,0.0
dinov2,8,mid,4.0,7.531423091888428,11.403066635131836,0.003068538848310709,0.25711750984191895,1.0,0.0,0.0
dinov2,8,bot_nonzero,0.0,0.0,0.0,0.0,0.0,1.0,0.0,0.0
dinov2,8,bot_nonzero,0.05,0.09414278864860536,0.1268806904554367,2.6361814775555104e-07,1.9931792849092744e-05,1.0,0.0,0.0
dinov2,8,bot_nonzero,0.1,0.1882855772972107,0.25401878356933594,9.573908528182073e-07,7.162093970691785e-05,1.0,0.0,0.0
dinov2,8,bot_nonzero,0.2,0.3765711545944214,0.5090726017951965,3.628249487519497e-06,0.0002725601370912045,1.0,0.0,0.0
dinov2,8,bot_nonzero,0.4,0.7531423091888428,1.0225789546966553,1.3895129086449742e-05,0.0010638236999511719,1.0,0.0,0.0
dinov2,8,bot_nonzero,0.8,1.5062846183776857,2.065197706222534,5.258675810182467e-05,0.004134750459343195,1.0,0.0,0.0
dinov2,8,bot_nonzero,1.6,3.0125692367553714,4.228124141693115,0.00019771294319070876,0.01566953770816326,1.0,0.0,0.0
dinov2,8,bot_nonzero,3.2,6.025138473510743,8.96716594696045,0.0008842544048093259,0.0533633716404438,1.0,0.0,0.0
dinov2,8,bot_nonzero,4.0,7.531423091888428,11.589423179626465,0.0015838899416849017,0.08173971623182297,1.0,0.0,0.0
dinov2,8,exact_null,0.0,0.0,0.0,0.0,0.0,1.0,0.0,0.0
dinov2,8,exact_null,0.05,0.09414278864860536,0.07639623433351517,1.0832445695996284e-07,0.0004295349062886089,1.0,0.0,0.0
dinov2,8,exact_null,0.1,0.1882855772972107,0.15280459821224213,3.2804965144350717e-07,0.0008646965143270791,1.0,0.0,0.0
dinov2,8,exact_null,0.2,0.3765711545944214,0.3057264983654022,1.2612493947017356e-06,0.0017444611294195056,1.0,0.0,0.0
dinov2,8,exact_null,0.4,0.7531423091888428,0.6122012734413147,4.84150359625346e-06,0.0035484314430505037,1.0,0.0,0.0
dinov2,8,exact_null,0.8,1.5062846183776857,1.2298568487167358,1.962485293915961e-05,0.007331943605095148,1.0,0.0,0.0
dinov2,8,exact_null,1.6,3.0125692367553714,2.5014476776123047,8.551362407160923e-05,0.015800857916474342,1.0,0.0,0.0
dinov2,8,exact_null,3.2,6.025138473510743,5.323824405670166,0.00046593640581704676,0.03890381008386612,1.0,0.0,0.0
dinov2,8,exact_null,4.0,7.531423091888428,6.942056179046631,0.0008680978789925575,0.05581378936767578,1.0,0.0,0.0
dinov2,8,random_gaussian,0.0,0.0,0.0,0.0,0.0,1.0,0.0,0.0
dinov2,8,random_gaussian,0.05,0.09414278864860536,0.0744616910815239,1.685635737658231e-07,0.00045499802217818797,1.0,0.0,0.0
dinov2,8,random_gaussian,0.1,0.1882855772972107,0.14893858134746552,6.341201128634566e-07,0.0009254455799236894,1.0,0.0,0.0
dinov2,8,random_gaussian,0.2,0.3765711545944214,0.2979835271835327,2.4153414415195584e-06,0.0019037247402593493,1.0,0.0,0.0
dinov2,8,random_gaussian,0.4,0.7531423091888428,0.5966430902481079,9.419466550752986e-06,0.004006862640380859,1.0,0.0,0.0
dinov2,8,random_gaussian,0.8,1.5062846183776857,1.1981161832809448,3.614781962824054e-05,0.008816147223114967,1.0,0.0,0.0
dinov2,8,random_gaussian,1.6,3.0125692367553714,2.432694673538208,0.00013578087964560837,0.020783519372344017,1.0,0.0,0.0
dinov2,8,random_gaussian,3.2,6.025138473510743,5.143662929534912,0.0005290994304232299,0.05462351068854332,1.0,0.0,0.0
dinov2,8,random_gaussian,4.0,7.531423091888428,6.680269718170166,0.0008631625096313655,0.07718968391418457,1.0,0.0,0.0
dinov2,8,checkerboard,0.0,0.0,0.0,0.0,0.0,1.0,0.0,0.0
dinov2,8,checkerboard,0.05,0.09414278864860536,0.12259434908628464,6.398666414497711e-07,-0.0007253647199831903,1.0,0.0,0.0
dinov2,8,checkerboard,0.1,0.1882855772972107,0.24688975512981415,2.5457723040744895e-06,-0.0013562202220782638,1.0,0.0,0.0
dinov2,8,checkerboard,0.2,0.3765711545944214,0.5038267970085144,1.0520054274820723e-05,-0.002329540206119418,1.0,0.0,0.0
dinov2,8,checkerboard,0.4,0.7531423091888428,1.0707902908325195,4.738202187581919e-05,-0.0030893327202647924,1.0,0.0,0.0
dinov2,8,checkerboard,0.8,1.5062846183776857,2.5233302116394043,0.00026336885639466345,0.0006031036609783769,0.949999988079071,0.05000000074505806,0.0
dinov2,8,checkerboard,1.6,3.0125692367553714,6.967543125152588,0.0021200827322900295,0.036066628992557526,0.949999988079071,0.05000000074505806,0.0
dinov2,8,checkerboard,3.2,6.025138473510743,21.365480422973633,0.01953316293656826,0.48336777091026306,0.949999988079071,0.05000000074505806,0.0
dinov2,8,checkerboard,4.0,7.531423091888428,31.617191314697266,0.04452464357018471,1.2939287424087524,0.949999988079071,0.05000000074505806,0.0
dinov2,8,random_sign,0.0,0.0,0.0,0.0,0.0,1.0,0.0,0.0
dinov2,8,random_sign,0.05,0.09414278864860536,0.15144145488739014,3.338238627748069e-07,-0.0007128715515136719,1.0,0.0,0.0
dinov2,8,random_sign,0.1,0.1882855772972107,0.3019098937511444,1.2979377288502292e-06,-0.00132665631826967,1.0,0.0,0.0
dinov2,8,random_sign,0.2,0.3765711545944214,0.6025399565696716,5.550839887291659e-06,-0.0022577287163585424,1.0,0.0,0.0
dinov2,8,random_sign,0.4,0.7531423091888428,1.2206281423568726,2.831839992722962e-05,-0.0029680251609534025,1.0,0.0,0.0
dinov2,8,random_sign,0.8,1.5062846183776857,2.654212474822998,0.00020030878658872098,0.00038571358891204,1.0,0.0,0.0
dinov2,8,random_sign,1.6,3.0125692367553714,6.895185947418213,0.002215592423453927,0.03126397356390953,1.0,0.0,0.0
dinov2,8,random_sign,3.2,6.025138473510743,21.316007614135742,0.021608203649520874,0.4500385820865631,0.949999988079071,0.05000000074505806,0.0
dinov2,8,random_sign,4.0,7.531423091888428,30.930444717407227,0.03947405144572258,1.1933332681655884,0.949999988079071,0.05000000074505806,0.0
